1.896030 53.775002
1.041600 81.000000
0.718004 83.787498
0.617380 85.387497
0.570857 86.212502
0.543230 86.687500
0.524060 87.112503
0.509391 87.300003
0.497466 87.462502
0.487392 87.687500
0.478657 87.812500
0.470941 88.050003
0.464025 88.237503
0.457760 88.425003
0.452026 88.675003
nan nan
nan nan
nan nan
nan nan
nan nan
nan nan
nan nan
nan nan
nan nan
nan nan
nan nan
nan nan
nan nan
nan nan
nan nan
2.276455 14.976038
2.251207 17.372204
2.226656 20.127796
2.202464 22.963259
2.178362 26.876997
2.154146 31.869009
2.129644 34.544727
2.104714 37.260384
2.079247 40.055912
2.053155 42.571884
2.026369 45.087860
1.998853 47.444088
1.970573 49.840256
1.941529 51.916931
1.911731 54.353035
nan 18.910257
2.147625 30.021368
2.056669 38.808762
1.513828 61.712502
0.830066 82.050003
0.672256 84.300003
0.611063 85.362503
0.578010 85.962502
0.556338 86.349998
0.540391 86.612503
1.715064 56.287498
0.923264 80.949997
0.705847 83.525002
0.630117 84.849998
0.591751 85.512497
0.567555 86.099998
0.550077 86.400002
0.536376 86.612503
0.525080 86.812500
0.515463 86.962502
0.507092 87.099998
0.499678 87.262497
0.493026 87.375000
0.486996 87.562500
0.481477 87.699997
