1.795201 54.087502
0.982631 80.775002
0.715794 84.300003
0.625449 85.712502
0.581643 86.262497
0.554949 86.687500
0.536202 87.050003
0.521828 87.449997
0.510203 87.550003
0.500466 87.787498
0.492091 87.987503
0.484758 88.074997
0.478234 88.312500
0.472367 88.400002
0.467031 88.537498
0.462137 88.562500
0.457614 88.662498
0.453409 88.699997
0.449473 88.800003
0.445771 88.824997
0.442278 88.887497
0.438966 88.962502
0.435813 89.037498
0.432804 89.112503
0.429924 89.175003
0.427162 89.175003
0.424505 89.224998
0.421945 89.275002
0.419477 89.337502
0.417092 89.375000
