0.909804 0.992157 1.000000 1.000000 1.000000 1.000000 1.000000 1.000000 1.000000 1.000000 1.000000 1.000000 1.000000 1.000000 0.984314 0.905882 0.772549 0.560784 0.301961 0.062745 0.000000 0.003922 0.011765 0.000000 0.000000 0.000000 0.000000 0.000000 
0.141176 0.211765 0.360784 0.780392 1.000000 0.996078 0.988235 1.000000 0.521569 0.278431 0.333333 0.317647 0.341176 0.407843 0.478431 0.670588 0.886275 0.996078 1.000000 0.866667 0.470588 0.074510 0.000000 0.011765 0.003922 0.000000 0.000000 0.000000 
0.000000 0.003922 0.000000 0.109804 0.921569 1.000000 0.980392 1.000000 0.294118 0.000000 0.015686 0.000000 0.000000 0.000000 0.000000 0.000000 0.007843 0.239216 0.717647 1.000000 1.000000 0.882353 0.282353 0.000000 0.011765 0.000000 0.000000 0.000000 
0.003922 0.011765 0.015686 0.000000 0.843137 1.000000 0.976471 1.000000 0.301961 0.000000 0.027451 0.015686 0.015686 0.011765 0.011765 0.011765 0.003922 0.000000 0.000000 0.447059 0.988235 1.000000 1.000000 0.439216 0.000000 0.011765 0.000000 0.000000 
0.000000 0.000000 0.003922 0.000000 0.839216 1.000000 0.976471 1.000000 0.294118 0.000000 0.015686 0.000000 0.000000 0.000000 0.000000 0.000000 0.003922 0.011765 0.019608 0.000000 0.474510 1.000000 0.980392 1.000000 0.431373 0.000000 0.011765 0.000000 
0.000000 0.000000 0.003922 0.000000 0.839216 1.000000 0.976471 1.000000 0.294118 0.000000 0.015686 0.000000 0.000000 0.000000 0.000000 0.000000 0.000000 0.000000 0.003922 0.007843 0.000000 0.694118 1.000000 0.988235 0.988235 0.235294 0.000000 0.011765 
0.000000 0.000000 0.003922 0.000000 0.839216 1.000000 0.976471 1.000000 0.294118 0.000000 0.015686 0.000000 0.000000 0.000000 0.000000 0.000000 0.000000 0.000000 0.000000 0.011765 0.000000 0.211765 1.000000 0.988235 1.000000 0.811765 0.039216 0.000000 
0.000000 0.000000 0.003922 0.000000 0.839216 1.000000 0.976471 1.000000 0.294118 0.000000 0.015686 0.000000 0.000000 0.000000 0.000000 0.000000 0.000000 0.000000 0.000000 0.000000 0.007843 0.000000 0.717647 1.000000 0.976471 1.000000 0.427451 0.000000 
0.000000 0.000000 0.003922 0.000000 0.839216 1.000000 0.976471 1.000000 0.294118 0.000000 0.015686 0.000000 0.000000 0.000000 0.000000 0.000000 0.000000 0.000000 0.000000 0.000000 0.011765 0.000000 0.392157 1.000000 0.984314 1.000000 0.835294 0.027451 
0.000000 0.000000 0.003922 0.000000 0.839216 1.000000 0.976471 1.000000 0.294118 0.000000 0.015686 0.000000 0.000000 0.000000 0.000000 0.000000 0.000000 0.000000 0.000000 0.000000 0.007843 0.000000 0.188235 1.000000 0.996078 1.000000 1.000000 0.313726 
0.000000 0.000000 0.003922 0.000000 0.839216 1.000000 0.976471 1.000000 0.294118 0.000000 0.015686 0.000000 0.000000 0.000000 0.000000 0.000000 0.000000 0.000000 0.000000 0.000000 0.003922 0.000000 0.066667 0.862745 1.000000 0.980392 1.000000 0.576471 
0.000000 0.000000 0.003922 0.000000 0.839216 1.000000 0.976471 1.000000 0.294118 0.000000 0.015686 0.000000 0.000000 0.000000 0.000000 0.000000 0.000000 0.000000 0.000000 0.000000 0.003922 0.000000 0.003922 0.780392 1.000000 0.984314 1.000000 0.776471 
0.000000 0.000000 0.003922 0.000000 0.839216 1.000000 0.976471 1.000000 0.294118 0.000000 0.015686 0.000000 0.000000 0.000000 0.000000 0.000000 0.000000 0.000000 0.000000 0.000000 0.000000 0.003922 0.000000 0.737255 1.000000 0.984314 1.000000 0.909804 
0.000000 0.000000 0.003922 0.000000 0.839216 1.000000 0.976471 1.000000 0.294118 0.000000 0.015686 0.000000 0.000000 0.000000 0.000000 0.000000 0.000000 0.000000 0.000000 0.000000 0.000000 0.015686 0.000000 0.690196 1.000000 0.984314 1.000000 0.972549 
0.000000 0.000000 0.003922 0.000000 0.839216 1.000000 0.976471 1.000000 0.294118 0.000000 0.015686 0.000000 0.000000 0.000000 0.000000 0.000000 0.000000 0.000000 0.000000 0.000000 0.000000 0.011765 0.000000 0.698039 1.000000 0.984314 1.000000 0.968627 
0.000000 0.000000 0.003922 0.000000 0.839216 1.000000 0.976471 1.000000 0.294118 0.000000 0.015686 0.000000 0.000000 0.000000 0.000000 0.000000 0.000000 0.000000 0.000000 0.000000 0.003922 0.003922 0.000000 0.749020 1.000000 0.984314 1.000000 0.898039 
0.000000 0.000000 0.003922 0.000000 0.839216 1.000000 0.976471 1.000000 0.294118 0.000000 0.015686 0.000000 0.000000 0.000000 0.000000 0.000000 0.000000 0.000000 0.000000 0.000000 0.003922 0.000000 0.015686 0.792157 1.000000 0.984314 1.000000 0.788235 
0.000000 0.000000 0.003922 0.000000 0.839216 1.000000 0.976471 1.000000 0.294118 0.000000 0.015686 0.000000 0.000000 0.000000 0.000000 0.000000 0.000000 0.000000 0.000000 0.000000 0.003922 0.000000 0.078431 0.878431 1.000000 0.980392 1.000000 0.568627 
0.000000 0.000000 0.003922 0.000000 0.839216 1.000000 0.976471 1.000000 0.294118 0.000000 0.015686 0.000000 0.000000 0.000000 0.000000 0.000000 0.000000 0.000000 0.000000 0.000000 0.007843 0.000000 0.211765 1.000000 0.996078 0.996078 1.000000 0.329412 
0.000000 0.000000 0.003922 0.000000 0.839216 1.000000 0.976471 1.000000 0.294118 0.000000 0.015686 0.000000 0.000000 0.000000 0.000000 0.000000 0.000000 0.000000 0.000000 0.000000 0.011765 0.000000 0.439216 1.000000 0.984314 1.000000 0.835294 0.027451 
0.000000 0.000000 0.003922 0.000000 0.839216 1.000000 0.976471 1.000000 0.294118 0.000000 0.015686 0.000000 0.000000 0.000000 0.000000 0.000000 0.000000 0.000000 0.000000 0.000000 0.003922 0.000000 0.741176 1.000000 0.972549 1.000000 0.447059 0.000000 
0.000000 0.000000 0.003922 0.000000 0.839216 1.000000 0.976471 1.000000 0.294118 0.000000 0.015686 0.000000 0.000000 0.000000 0.000000 0.000000 0.000000 0.000000 0.000000 0.011765 0.000000 0.270588 1.000000 0.984314 1.000000 0.811765 0.035294 0.000000 
0.000000 0.000000 0.003922 0.000000 0.839216 1.000000 0.976471 1.000000 0.294118 0.000000 0.015686 0.000000 0.000000 0.000000 0.000000 0.000000 0.000000 0.000000 0.007843 0.007843 0.011765 0.749020 1.000000 0.984314 0.996078 0.254902 0.000000 0.011765 
0.000000 0.000000 0.003922 0.000000 0.843137 1.000000 0.976471 1.000000 0.294118 0.000000 0.015686 0.000000 0.000000 0.000000 0.000000 0.000000 0.003922 0.015686 0.011765 0.000000 0.576471 1.000000 0.980392 1.000000 0.403922 0.000000 0.011765 0.000000 
0.003922 0.011765 0.015686 0.000000 0.839216 1.000000 0.976471 1.000000 0.294118 0.000000 0.027451 0.015686 0.011765 0.011765 0.011765 0.011765 0.003922 0.000000 0.019608 0.533333 1.000000 1.000000 0.984314 0.415686 0.000000 0.011765 0.000000 0.000000 
0.000000 0.003922 0.000000 0.109804 0.921569 1.000000 0.980392 1.000000 0.396078 0.000000 0.011765 0.000000 0.000000 0.000000 0.000000 0.000000 0.047059 0.333333 0.807843 1.000000 1.000000 0.850980 0.250980 0.000000 0.011765 0.000000 0.000000 0.000000 
0.145098 0.211765 0.337255 0.784314 1.000000 0.992157 0.996078 1.000000 0.905882 0.509804 0.345098 0.325490 0.372549 0.431373 0.545098 0.749020 0.937255 1.000000 0.984314 0.796078 0.403922 0.027451 0.000000 0.011765 0.000000 0.000000 0.000000 0.000000 
0.909804 0.996078 1.000000 1.000000 1.000000 1.000000 1.000000 1.000000 1.000000 1.000000 1.000000 1.000000 1.000000 1.000000 0.972549 0.874510 0.694118 0.486275 0.196078 0.019608 0.000000 0.003922 0.011765 0.000000 0.000000 0.000000 0.000000 0.000000 
